{
  "accessors": [
    {
      "bufferView": 2,
      "componentType": 5126,
      "count": 32676,
      "max": [
        1.2731183767318726,
        0.67302364110946655,
        0.93575221300125122
      ],
      "min": [
        -1.4112159013748169,
        -1.8732051849365234,
        -0.71891987323760986
      ],
      "type": "VEC3"
    },
    {
      "bufferView": 2,
      "byteOffset": 392112,
      "componentType": 5126,
      "count": 32676,
      "max": [
        0.99996793270111084,
        0.99994963407516479,
        0.99999994039535522
      ],
      "min": [
        -0.99985045194625854,
        -0.99983507394790649,
        -0.99994456768035889
      ],
      "type": "VEC3"
    },
    {
      "bufferView": 3,
      "componentType": 5126,
      "count": 32676,
      "max": [
        0.99994653463363647,
        0.99997526407241821,
        0.99996984004974365,
        1
      ],
      "min": [
        -0.99989336729049683,
        -0.99977701902389526,
        -0.99988871812820435,
        -1
      ],
      "type": "VEC4"
    },
    {
      "bufferView": 1,
      "componentType": 5126,
      "count": 32676,
      "max": [
        0.98931199312210083,
        0.99023401737213135
      ],
      "min": [
        0.00976600032299757,
        0.00976600032299757
      ],
      "type": "VEC2"
    },
    {
      "bufferView": 1,
      "byteOffset": 261408,
      "componentType": 5126,
      "count": 32676,
      "max": [
        0.98931199312210083,
        0.99023401737213135
      ],
      "min": [
        0.00976600032299757,
        0.00976600032299757
      ],
      "type": "VEC2"
    },
    {
      "bufferView": 1,
      "byteOffset": 522816,
      "componentType": 5126,
      "count": 32676,
      "max": [
        0.98931199312210083,
        0.99023401737213135
      ],
      "min": [
        0.00976600032299757,
        0.00976600032299757
      ],
      "type": "VEC2"
    },
    {
      "bufferView": 1,
      "byteOffset": 784224,
      "componentType": 5126,
      "count": 32676,
      "max": [
        0.98931199312210083,
        0.99023401737213135
      ],
      "min": [
        0.00976600032299757,
        0.00976600032299757
      ],
      "type": "VEC2"
    },
    {
      "bufferView": 1,
      "byteOffset": 1045632,
      "componentType": 5126,
      "count": 32676,
      "max": [
        0.98931199312210083,
        0.99023401737213135
      ],
      "min": [
        0.00976600032299757,
        0.00976600032299757
      ],
      "type": "VEC2"
    },
    {
      "bufferView": 1,
      "byteOffset": 1307040,
      "componentType": 5126,
      "count": 32676,
      "max": [
        0.98931199312210083,
        0.99023401737213135
      ],
      "min": [
        0.00976600032299757,
        0.00976600032299757
      ],
      "type": "VEC2"
    },
    {
      "bufferView": 1,
      "byteOffset": 1568448,
      "componentType": 5126,
      "count": 32676,
      "max": [
        0.98931199312210083,
        0.99023401737213135
      ],
      "min": [
        0.00976600032299757,
        0.00976600032299757
      ],
      "type": "VEC2"
    },
    {
      "bufferView": 1,
      "byteOffset": 1829856,
      "componentType": 5126,
      "count": 32676,
      "max": [
        0.98931199312210083,
        0.99023401737213135
      ],
      "min": [
        0.00976600032299757,
        0.00976600032299757
      ],
      "type": "VEC2"
    },
    {
      "bufferView": 1,
      "byteOffset": 2091264,
      "componentType": 5126,
      "count": 32676,
      "max": [
        0.98931199312210083,
        0.99023401737213135
      ],
      "min": [
        0.00976600032299757,
        0.00976600032299757
      ],
      "type": "VEC2"
    },
    {
      "bufferView": 0,
      "componentType": 5125,
      "count": 186432,
      "max": [
        32675
      ],
      "min": [
        0
      ],
      "type": "SCALAR"
    },
    {
      "bufferView": 2,
      "byteOffset": 784224,
      "componentType": 5126,
      "count": 2695,
      "max": [
        0.15727023780345917,
        0.54397904872894287,
        0.92552846670150757
      ],
      "min": [
        -0.15766614675521851,
        0.30048951506614685,
        0.79884046316146851
      ],
      "type": "VEC3"
    },
    {
      "bufferView": 2,
      "byteOffset": 816564,
      "componentType": 5126,
      "count": 2695,
      "max": [
        0.99952566623687744,
        0.98503082990646362,
        0.99499207735061646
      ],
      "min": [
        -0.99126040935516357,
        -0.99979150295257568,
        -0.99965047836303711
      ],
      "type": "VEC3"
    },
    {
      "bufferView": 3,
      "byteOffset": 522816,
      "componentType": 5126,
      "count": 2695,
      "max": [
        0.70710670948028564,
        0.70710670948028564,
        0.99999320507049561,
        1
      ],
      "min": [
        0.0026257962454110384,
        0.0026257962454110384,
        -0.9999852180480957,
        -1
      ],
      "type": "VEC4"
    },
    {
      "bufferView": 1,
      "byteOffset": 2352672,
      "componentType": 5126,
      "count": 2695,
      "max": [
        0,
        8.4358167552353988e-43
      ],
      "min": [
        -1.3962826678120005e-36,
        0
      ],
      "type": "VEC2"
    },
    {
      "bufferView": 1,
      "byteOffset": 2374232,
      "componentType": 5126,
      "count": 2695,
      "max": [
        0,
        8.4358167552353988e-43
      ],
      "min": [
        -1.3962826678120005e-36,
        0
      ],
      "type": "VEC2"
    },
    {
      "bufferView": 1,
      "byteOffset": 2395792,
      "componentType": 5126,
      "count": 2695,
      "max": [
        0,
        8.4358167552353988e-43
      ],
      "min": [
        -1.3962826678120005e-36,
        0
      ],
      "type": "VEC2"
    },
    {
      "bufferView": 1,
      "byteOffset": 2417352,
      "componentType": 5126,
      "count": 2695,
      "max": [
        0,
        8.4358167552353988e-43
      ],
      "min": [
        -1.3962826678120005e-36,
        0
      ],
      "type": "VEC2"
    },
    {
      "bufferView": 1,
      "byteOffset": 2438912,
      "componentType": 5126,
      "count": 2695,
      "max": [
        0,
        8.4358167552353988e-43
      ],
      "min": [
        -1.3962826678120005e-36,
        0
      ],
      "type": "VEC2"
    },
    {
      "bufferView": 1,
      "byteOffset": 2460472,
      "componentType": 5126,
      "count": 2695,
      "max": [
        0,
        8.4358167552353988e-43
      ],
      "min": [
        -1.3962826678120005e-36,
        0
      ],
      "type": "VEC2"
    },
    {
      "bufferView": 1,
      "byteOffset": 2482032,
      "componentType": 5126,
      "count": 2695,
      "max": [
        0,
        8.4358167552353988e-43
      ],
      "min": [
        -1.3962826678120005e-36,
        0
      ],
      "type": "VEC2"
    },
    {
      "bufferView": 0,
      "byteOffset": 745728,
      "componentType": 5125,
      "count": 16146,
      "max": [
        2694
      ],
      "min": [
        0
      ],
      "type": "SCALAR"
    },
    {
      "bufferView": 2,
      "byteOffset": 848904,
      "componentType": 5126,
      "count": 1102,
      "max": [
        0.15007525682449341,
        0.53189694881439209,
        0.92194080352783203
      ],
      "min": [
        -0.14954710006713867,
        0.31678849458694458,
        0.81367337703704834
      ],
      "type": "VEC3"
    },
    {
      "bufferView": 2,
      "byteOffset": 862128,
      "componentType": 5126,
      "count": 1102,
      "max": [
        0.99935579299926758,
        0.96487540006637573,
        0.99709051847457886
      ],
      "min": [
        -0.9822806715965271,
        -0.9960063099861145,
        -0.9658665657043457
      ],
      "type": "VEC3"
    },
    {
      "bufferView": 3,
      "byteOffset": 565936,
      "componentType": 5126,
      "count": 1102,
      "max": [
        0.70710664987564087,
        0.70710664987564087,
        0.99960613250732422,
        1
      ],
      "min": [
        0.0021767870057374239,
        0.0021767870057374239,
        -0.99999535083770752,
        -1
      ],
      "type": "VEC4"
    },
    {
      "bufferView": 1,
      "byteOffset": 2503592,
      "componentType": 5126,
      "count": 1102,
      "max": [
        3.6573889918877726e-43,
        8.4358167552353988e-43
      ],
      "min": [
        -1.1917894116718211e-36,
        0
      ],
      "type": "VEC2"
    },
    {
      "bufferView": 1,
      "byteOffset": 2512408,
      "componentType": 5126,
      "count": 1102,
      "max": [
        3.6573889918877726e-43,
        8.4358167552353988e-43
      ],
      "min": [
        -1.1917894116718211e-36,
        0
      ],
      "type": "VEC2"
    },
    {
      "bufferView": 1,
      "byteOffset": 2521224,
      "componentType": 5126,
      "count": 1102,
      "max": [
        3.6573889918877726e-43,
        8.4358167552353988e-43
      ],
      "min": [
        -1.1917894116718211e-36,
        0
      ],
      "type": "VEC2"
    },
    {
      "bufferView": 1,
      "byteOffset": 2530040,
      "componentType": 5126,
      "count": 1102,
      "max": [
        3.6573889918877726e-43,
        8.4358167552353988e-43
      ],
      "min": [
        -1.1917894116718211e-36,
        0
      ],
      "type": "VEC2"
    },
    {
      "bufferView": 1,
      "byteOffset": 2538856,
      "componentType": 5126,
      "count": 1102,
      "max": [
        3.6573889918877726e-43,
        8.4358167552353988e-43
      ],
      "min": [
        -1.1917894116718211e-36,
        0
      ],
      "type": "VEC2"
    },
    {
      "bufferView": 1,
      "byteOffset": 2547672,
      "componentType": 5126,
      "count": 1102,
      "max": [
        3.6573889918877726e-43,
        8.4358167552353988e-43
      ],
      "min": [
        -1.1917894116718211e-36,
        0
      ],
      "type": "VEC2"
    },
    {
      "bufferView": 1,
      "byteOffset": 2556488,
      "componentType": 5126,
      "count": 1102,
      "max": [
        3.6573889918877726e-43,
        8.4358167552353988e-43
      ],
      "min": [
        -1.1917894116718211e-36,
        0
      ],
      "type": "VEC2"
    },
    {
      "bufferView": 1,
      "byteOffset": 2565304,
      "componentType": 5126,
      "count": 1102,
      "max": [
        3.6573889918877726e-43,
        8.4358167552353988e-43
      ],
      "min": [
        -1.1917894116718211e-36,
        0
      ],
      "type": "VEC2"
    },
    {
      "bufferView": 0,
      "byteOffset": 810312,
      "componentType": 5125,
      "count": 6588,
      "max": [
        1101
      ],
      "min": [
        0
      ],
      "type": "SCALAR"
    }
  ],
  "asset": {
    "extras": {
      "author": "lishenlong (https://sketchfab.com/lishenlong)",
      "license": "CC-BY-4.0 (http://creativecommons.org/licenses/by/4.0/)",
      "source": "https://sketchfab.com/3d-models/amazing-spiderman-10a2b08fc9d74ccdb131a778d3229474",
      "title": "Amazing Spiderman"
    },
    "generator": "Sketchfab-8.98.0",
    "version": "2.0"
  },
  "bufferViews": [
    {
      "buffer": 0,
      "byteLength": 836664,
      "byteOffset": 0,
      "name": "floatBufferViews",
      "target": 34963
    },
    {
      "buffer": 0,
      "byteLength": 2574120,
      "byteOffset": 836664,
      "byteStride": 8,
      "name": "floatBufferViews",
      "target": 34962
    },
    {
      "buffer": 0,
      "byteLength": 875352,
      "byteOffset": 3410784,
      "byteStride": 12,
      "name": "floatBufferViews",
      "target": 34962
    },
    {
      "buffer": 0,
      "byteLength": 583568,
      "byteOffset": 4286136,
      "byteStride": 16,
      "name": "floatBufferViews",
      "target": 34962
    }
  ],
  "buffers": [
    {
      "byteLength": 4869704,
      "uri": "scene.bin"
    }
  ],
  "images": [
    {
      "uri": "textures/Body_baseColor.png"
    },
    {
      "uri": "textures/Body_normal.png"
    },
    {
      "uri": "textures/Unreal_4_Template2_baseColor.png"
    },
    {
      "uri": "textures/Unreal_4_Template2_normal.png"
    },
    {
      "uri": "textures/Inner_Eye_baseColor.png"
    },
    {
      "uri": "textures/Inner_Eye_normal.png"
    }
  ],
  "materials": [
    {
      "doubleSided": true,
      "emissiveFactor": [
        0,
        0,
        0
      ],
      "name": "Body",
      "normalTexture": {
        "index": 1,
        "scale": 1,
        "texCoord": 0
      },
      "pbrMetallicRoughness": {
        "baseColorFactor": [
          1,
          1,
          1,
          1
        ],
        "baseColorTexture": {
          "index": 0,
          "texCoord": 0
        },
        "metallicFactor": 0,
        "roughnessFactor": 0.95770514946237739
      }
    },
    {
      "doubleSided": true,
      "emissiveFactor": [
        0,
        0,
        0
      ],
      "name": "Unreal_4_Template2",
      "normalTexture": {
        "index": 3,
        "scale": 1,
        "texCoord": 0
      },
      "pbrMetallicRoughness": {
        "baseColorFactor": [
          1,
          1,
          1,
          1
        ],
        "baseColorTexture": {
          "index": 2,
          "texCoord": 0
        },
        "metallicFactor": 0,
        "roughnessFactor": 0.90941697243788866
      }
    },
    {
      "doubleSided": true,
      "emissiveFactor": [
        0,
        0,
        0
      ],
      "name": "Inner_Eye",
      "normalTexture": {
        "index": 5,
        "scale": 1,
        "texCoord": 0
      },
      "pbrMetallicRoughness": {
        "baseColorFactor": [
          1,
          1,
          1,
          1
        ],
        "baseColorTexture": {
          "index": 4,
          "texCoord": 0
        },
        "metallicFactor": 0,
        "roughnessFactor": 0.78852574731188718
      }
    }
  ],
  "meshes": [
    {
      "name": "Spidey_Body_0",
      "primitives": [
        {
          "attributes": {
            "NORMAL": 1,
            "POSITION": 0,
            "TANGENT": 2,
            "TEXCOORD_0": 3,
            "TEXCOORD_1": 4,
            "TEXCOORD_2": 5,
            "TEXCOORD_3": 6,
            "TEXCOORD_4": 7,
            "TEXCOORD_5": 8,
            "TEXCOORD_6": 9,
            "TEXCOORD_7": 10,
            "TEXCOORD_8": 11
          },
          "indices": 12,
          "material": 0,
          "mode": 4
        }
      ]
    },
    {
      "name": "Outer_Eye_Unreal 4 Template2_0",
      "primitives": [
        {
          "attributes": {
            "NORMAL": 14,
            "POSITION": 13,
            "TANGENT": 15,
            "TEXCOORD_0": 16,
            "TEXCOORD_1": 17,
            "TEXCOORD_2": 18,
            "TEXCOORD_3": 19,
            "TEXCOORD_4": 20,
            "TEXCOORD_5": 21,
            "TEXCOORD_6": 22
          },
          "indices": 23,
          "material": 1,
          "mode": 4
        }
      ]
    },
    {
      "name": "Inner_Eye_Inner Eye_0",
      "primitives": [
        {
          "attributes": {
            "NORMAL": 25,
            "POSITION": 24,
            "TANGENT": 26,
            "TEXCOORD_0": 27,
            "TEXCOORD_1": 28,
            "TEXCOORD_2": 29,
            "TEXCOORD_3": 30,
            "TEXCOORD_4": 31,
            "TEXCOORD_5": 32,
            "TEXCOORD_6": 33,
            "TEXCOORD_7": 34
          },
          "indices": 35,
          "material": 2,
          "mode": 4
        }
      ]
    }
  ],
  "nodes": [
    {
      "children": [
        1
      ],
      "name": "RootNode (gltf orientation matrix)",
      "rotation": [
        -0.70710678118654746,
        -0,
        -0,
        0.70710678118654757
      ]
    },
    {
      "children": [
        2
      ],
      "name": "RootNode (model correction matrix)"
    },
    {
      "children": [
        3
      ],
      "matrix": [
        1,
        0,
        0,
        0,
        0,
        0,
        1,
        0,
        0,
        -1,
        0,
        0,
        0,
        0,
        0,
        1
      ],
      "name": "597385b19edc48d3a29ec6989fe95660.fbx"
    },
    {
      "children": [
        4,
        119,
        126,
        129,
        132
      ],
      "name": "RootNode"
    },
    {
      "children": [
        5,
        8,
        11,
        14,
        17,
        20,
        23,
        26,
        29,
        32,
        35,
        38,
        41,
        44,
        47,
        50,
        53,
        56,
        59,
        62,
        65,
        68,
        71,
        74,
        77,
        80,
        83,
        86,
        89,
        92,
        95,
        98,
        101,
        104,
        107,
        110,
        113,
        116
      ],
      "name": "Sky"
    },
    {
      "children": [
        6
      ],
      "matrix": [
        0.26074846681587377,
        6.860358538682036e-09,
        -0.96540671110360798,
        0,
        0.37658121847046944,
        0.92078301085956982,
        0.10171151757633887,
        0,
        0.88893009885179242,
        -0.39007515785251134,
        0.24009275576825478,
        0,
        0,
        0,
        0,
        1
      ],
      "name": "Sky Light 1"
    },
    {
      "children": [
        7
      ],
      "matrix": [
        1,
        0,
        0,
        0,
        0,
        2.2204460492503131e-16,
        1,
        0,
        0,
        -1,
        2.2204460492503131e-16,
        0,
        0,
        0,
        0,
        1
      ],
      "name": ""
    },
    {
      "name": ""
    },
    {
      "children": [
        9
      ],
      "matrix": [
        0.99820326078872379,
        0,
        0.059917701403450686,
        0,
        -0.051238186931630854,
        0.51839270193247655,
        0.85360626449382726,
        0,
        -0.031060900975492106,
        -0.85514268200291965,
        0.51746131628117298,
        0,
        0,
        0,
        0,
        1
      ],
      "name": "Sky Light 2"
    },
    {
      "children": [
        10
      ],
      "matrix": [
        1,
        0,
        0,
        0,
        0,
        2.2204460492503131e-16,
        1,
        0,
        0,
        -1,
        2.2204460492503131e-16,
        0,
        0,
        0,
        0,
        1
      ],
      "name": ""
    },
    {
      "name": ""
    },
    {
      "children": [
        12
      ],
      "matrix": [
        -0.48259385220828876,
        1.1102229584507075e-16,
        0.87584419539178227,
        0,
        -0.41750529008886772,
        0.87907202677103502,
        -0.23004717884919865,
        0,
        -0.7699301778701152,
        -0.47668896751305745,
        -0.42423478105434498,
        0,
        0,
        0,
        0,
        1
      ],
      "name": "Sky Light 3"
    },
    {
      "children": [
        13
      ],
      "matrix": [
        1,
        0,
        0,
        0,
        0,
        2.2204460492503131e-16,
        1,
        0,
        0,
        -1,
        2.2204460492503131e-16,
        0,
        0,
        0,
        0,
        1
      ],
      "name": ""
    },
    {
      "name": ""
    },
    {
      "children": [
        15
      ],
      "matrix": [
        -0.28382382718404142,
        2.7755575615628914e-17,
        0.95887644413793161,
        0,
        -0.15303652324255185,
        0.98718179295616793,
        -0.045298236275572223,
        0,
        -0.94658536734751819,
        -0.15959983601446989,
        -0.28018571460322339,
        0,
        0,
        0,
        0,
        1
      ],
      "name": "Sky Light 4"
    },
    {
      "children": [
        16
      ],
      "matrix": [
        1,
        0,
        0,
        0,
        0,
        2.2204460492503131e-16,
        1,
        0,
        0,
        -1,
        2.2204460492503131e-16,
        0,
        0,
        0,
        0,
        1
      ],
      "name": ""
    },
    {
      "name": ""
    },
    {
      "children": [
        18
      ],
      "matrix": [
        -0.64074410832416784,
        7.2858385991025898e-17,
        -0.76775451001467032,
        0,
        0.061464126456845507,
        0.99679022706926856,
        -0.051296054125117105,
        0,
        0.76529019237097828,
        -0.080057004752301583,
        -0.6386874652297434,
        0,
        0,
        0,
        0,
        1
      ],
      "name": "Sky Light 5"
    },
    {
      "children": [
        19
      ],
      "matrix": [
        1,
        0,
        0,
        0,
        0,
        2.2204460492503131e-16,
        1,
        0,
        0,
        -1,
        2.2204460492503131e-16,
        0,
        0,
        0,
        0,
        1
      ],
      "name": ""
    },
    {
      "name": ""
    },
    {
      "children": [
        21
      ],
      "matrix": [
        0.39648728657759058,
        0,
        -0.91804021239940214,
        0,
        -0.31705930759965789,
        0.93846830191742281,
        -0.13693298273482024,
        0,
        0.86155158786989772,
        0.3453653602741214,
        0.37209072838798102,
        0,
        0,
        0,
        0,
        1
      ],
      "name": "Sky Light 6"
    },
    {
      "children": [
        22
      ],
      "matrix": [
        1,
        0,
        0,
        0,
        0,
        2.2204460492503131e-16,
        1,
        0,
        0,
        -1,
        2.2204460492503131e-16,
        0,
        0,
        0,
        0,
        1
      ],
      "name": ""
    },
    {
      "name": ""
    },
    {
      "children": [
        24
      ],
      "matrix": [
        0.56426293451194165,
        0,
        -0.82559514335779149,
        0,
        -0.63714320062177499,
        0.63594052779483135,
        -0.43546318674426665,
        0,
        0.52502937991761189,
        0.77173802168184458,
        0.35883764700019277,
        0,
        0,
        0,
        0,
        1
      ],
      "name": "Sky Light 7"
    },
    {
      "children": [
        25
      ],
      "matrix": [
        1,
        0,
        0,
        0,
        0,
        2.2204460492503131e-16,
        1,
        0,
        0,
        -1,
        2.2204460492503131e-16,
        0,
        0,
        0,
        0,
        1
      ],
      "name": ""
    },
    {
      "name": ""
    },
    {
      "children": [
        27
      ],
      "matrix": [
        4.4408920985006262e-16,
        0,
        0.99999999999999989,
        0,
        0.57211695432734733,
        0.82017204937208144,
        -1.6653345369377348e-16,
        0,
        -0.82017204937208132,
        0.57211695432734722,
        4.4408920985006262e-16,
        0,
        0,
        0,
        0,
        1
      ],
      "name": "Sky Light 8"
    },
    {
      "children": [
        28
      ],
      "matrix": [
        1,
        0,
        0,
        0,
        0,
        2.2204460492503131e-16,
        1,
        0,
        0,
        -1,
        2.2204460492503131e-16,
        0,
        0,
        0,
        0,
        1
      ],
      "name": ""
    },
    {
      "name": ""
    },
    {
      "children": [
        30
      ],
      "matrix": [
        0.88156774563591345,
        0,
        0.47205752811962814,
        0,
        0.30600115255390636,
        0.76144585267504439,
        -0.5714573545590742,
        0,
        -0.35944624701072397,
        0.64822851946206028,
        0.67126610376655482,
        0,
        0,
        0,
        0,
        1
      ],
      "name": "Sky Light 9"
    },
    {
      "children": [
        31
      ],
      "matrix": [
        1,
        0,
        0,
        0,
        0,
        2.2204460492503131e-16,
        1,
        0,
        0,
        -1,
        2.2204460492503131e-16,
        0,
        0,
        0,
        0,
        1
      ],
      "name": ""
    },
    {
      "name": ""
    },
    {
      "children": [
        33
      ],
      "matrix": [
        0.92272823070508747,
        -2.1510571102112408e-16,
        0.38545118012513452,
        0,
        0.10373498502490823,
        0.96310487802973843,
        -0.24833027924101164,
        0,
        -0.37122991182083637,
        0.26912613159267301,
        0.88868406008781964,
        0,
        0,
        0,
        0,
        1
      ],
      "name": "Sky Light 10"
    },
    {
      "children": [
        34
      ],
      "matrix": [
        1,
        0,
        0,
        0,
        0,
        2.2204460492503131e-16,
        1,
        0,
        0,
        -1,
        2.2204460492503131e-16,
        0,
        0,
        0,
        0,
        1
      ],
      "name": ""
    },
    {
      "name": ""
    },
    {
      "children": [
        36
      ],
      "matrix": [
        0.19067828211931104,
        9.302455368509488e-10,
        0.98165258249954623,
        0,
        0.047185585179213001,
        0.9988440299913891,
        -0.0091654292081904884,
        0,
        -0.98051788000724727,
        0.0480675027092771,
        0.19045787505216749,
        0,
        0,
        0,
        0,
        1
      ],
      "name": "Sky Light 11"
    },
    {
      "children": [
        37
      ],
      "matrix": [
        1,
        0,
        0,
        0,
        0,
        2.2204460492503131e-16,
        1,
        0,
        0,
        -1,
        2.2204460492503131e-16,
        0,
        0,
        0,
        0,
        1
      ],
      "name": ""
    },
    {
      "name": ""
    },
    {
      "children": [
        39
      ],
      "matrix": [
        0.16708394717728814,
        6.4324024717787864e-09,
        0.98594267307772876,
        0,
        -0.49752635340392282,
        0.86334151789990987,
        0.084313889304126047,
        0,
        -0.85120529413066937,
        -0.50461999030617599,
        0.14425052037103914,
        0,
        0,
        0,
        0,
        1
      ],
      "name": "Sky Light 12"
    },
    {
      "children": [
        40
      ],
      "matrix": [
        1,
        0,
        0,
        0,
        0,
        2.2204460492503131e-16,
        1,
        0,
        0,
        -1,
        2.2204460492503131e-16,
        0,
        0,
        0,
        0,
        1
      ],
      "name": ""
    },
    {
      "name": ""
    },
    {
      "children": [
        42
      ],
      "matrix": [
        0.91321998752035638,
        -2.0816681711721685e-16,
        0.40746687520989977,
        0,
        -0.077890805709868713,
        0.981559158614427,
        0.17456987290482159,
        0,
        -0.39995284319427904,
        -0.19115862036575301,
        0.89637944258035862,
        0,
        0,
        0,
        0,
        1
      ],
      "name": "Sky Light 13"
    },
    {
      "children": [
        43
      ],
      "matrix": [
        1,
        0,
        0,
        0,
        0,
        2.2204460492503131e-16,
        1,
        0,
        0,
        -1,
        2.2204460492503131e-16,
        0,
        0,
        0,
        0,
        1
      ],
      "name": ""
    },
    {
      "name": ""
    },
    {
      "children": [
        45
      ],
      "matrix": [
        -0.99418256880109146,
        1.2490009027033011e-16,
        -0.10770803076866309,
        0,
        0.090268794478942468,
        0.54553525650266999,
        -0.83321235507875446,
        0,
        0.058758528192779991,
        -0.83808787362219128,
        -0.54236164268138687,
        0,
        0,
        0,
        0,
        1
      ],
      "name": "Sky Light 14"
    },
    {
      "children": [
        46
      ],
      "matrix": [
        1,
        0,
        0,
        0,
        0,
        2.2204460492503131e-16,
        1,
        0,
        0,
        -1,
        2.2204460492503131e-16,
        0,
        0,
        0,
        0,
        1
      ],
      "name": ""
    },
    {
      "name": ""
    },
    {
      "children": [
        48
      ],
      "matrix": [
        -0.79030202453839848,
        9.7144514654701197e-17,
        0.61271747976576385,
        0,
        0.20236782046897428,
        0.94388329261180359,
        0.26102029646549951,
        0,
        -0.57833379224211534,
        0.33027916968573767,
        -0.74595287707907798,
        0,
        0,
        0,
        0,
        1
      ],
      "name": "Sky Light 15"
    },
    {
      "children": [
        49
      ],
      "matrix": [
        1,
        0,
        0,
        0,
        0,
        2.2204460492503131e-16,
        1,
        0,
        0,
        -1,
        2.2204460492503131e-16,
        0,
        0,
        0,
        0,
        1
      ],
      "name": ""
    },
    {
      "name": ""
    },
    {
      "children": [
        51
      ],
      "matrix": [
        -0.37435916223681898,
        9.9697875288740079e-08,
        0.92728378485193874,
        0,
        0.46792605410696653,
        0.86334151429230088,
        0.18890907227383469,
        0,
        -0.80056256815893578,
        0.50462008451850859,
        -0.32319985266596585,
        0,
        0,
        0,
        0,
        1
      ],
      "name": "Sky Light 16"
    },
    {
      "children": [
        52
      ],
      "matrix": [
        1,
        0,
        0,
        0,
        0,
        2.2204460492503131e-16,
        1,
        0,
        0,
        -1,
        2.2204460492503131e-16,
        0,
        0,
        0,
        0,
        1
      ],
      "name": ""
    },
    {
      "name": ""
    },
    {
      "children": [
        54
      ],
      "matrix": [
        -0.52403136167584474,
        1.3955799288423165e-07,
        0.85169896793417554,
        0,
        0.69064041675295473,
        0.58518852183497949,
        0.42493553471073309,
        0,
        -0.49840440079062742,
        0.81089727704103942,
        -0.30665723431864933,
        0,
        0,
        0,
        0,
        1
      ],
      "name": "Sky Light 17"
    },
    {
      "children": [
        55
      ],
      "matrix": [
        1,
        0,
        0,
        0,
        0,
        2.2204460492503131e-16,
        1,
        0,
        0,
        -1,
        2.2204460492503131e-16,
        0,
        0,
        0,
        0,
        1
      ],
      "name": ""
    },
    {
      "name": ""
    },
    {
      "children": [
        57
      ],
      "matrix": [
        -0.92272823070508769,
        1.3877787807814457e-16,
        0.38545118012513452,
        0,
        0.31613640179381142,
        0.57211651747720815,
        0.75679618517181579,
        0,
        -0.22052297368647772,
        0.8201723052138058,
        -0.5279080304631284,
        0,
        0,
        0,
        0,
        1
      ],
      "name": "Sky Light 18"
    },
    {
      "children": [
        58
      ],
      "matrix": [
        1,
        0,
        0,
        0,
        0,
        2.2204460492503131e-16,
        1,
        0,
        0,
        -1,
        2.2204460492503131e-16,
        0,
        0,
        0,
        0,
        1
      ],
      "name": ""
    },
    {
      "name": ""
    },
    {
      "children": [
        60
      ],
      "matrix": [
        -0.67681738262500191,
        5.5511151231257827e-17,
        -0.73615095637826999,
        0,
        -0.58282856809037598,
        0.61087863179847512,
        0.53585273856699178,
        0,
        0.44969888902949662,
        0.79172425579365879,
        -0.41345327667538623,
        0,
        0,
        0,
        0,
        1
      ],
      "name": "Sky Light 19"
    },
    {
      "children": [
        61
      ],
      "matrix": [
        1,
        0,
        0,
        0,
        0,
        2.2204460492503131e-16,
        1,
        0,
        0,
        -1,
        2.2204460492503131e-16,
        0,
        0,
        0,
        0,
        1
      ],
      "name": ""
    },
    {
      "name": ""
    },
    {
      "children": [
        63
      ],
      "matrix": [
        -0.16708407846349571,
        0,
        -0.98594265082914667,
        0,
        -0.52455302105803381,
        0.84672418924207349,
        0.088894073154273223,
        0,
        0.83482149166248987,
        0.53203198037624333,
        -0.14147413087226243,
        0,
        0,
        0,
        0,
        1
      ],
      "name": "Sky Light 20"
    },
    {
      "children": [
        64
      ],
      "matrix": [
        1,
        0,
        0,
        0,
        0,
        2.2204460492503131e-16,
        1,
        0,
        0,
        -1,
        2.2204460492503131e-16,
        0,
        0,
        0,
        0,
        1
      ],
      "name": ""
    },
    {
      "name": ""
    },
    {
      "children": [
        66
      ],
      "matrix": [
        0.79030189584445709,
        -1.9428901772887382e-16,
        -0.61271754848002424,
        0,
        0.24801780773779145,
        0.91441266976594726,
        0.31990097908017195,
        0,
        0.56027672271316009,
        -0.40478323751300854,
        0.72266210957423804,
        0,
        0,
        0,
        0,
        1
      ],
      "name": "Sky Light 21"
    },
    {
      "children": [
        67
      ],
      "matrix": [
        1,
        0,
        0,
        0,
        0,
        2.2204460492503131e-16,
        1,
        0,
        0,
        -1,
        2.2204460492503131e-16,
        0,
        0,
        0,
        0,
        1
      ],
      "name": ""
    },
    {
      "name": ""
    },
    {
      "children": [
        69
      ],
      "matrix": [
        -0.35201636804649672,
        -9.3747629048568371e-08,
        -0.93599384433197241,
        0,
        0.78444494543478882,
        0.54553546541301423,
        -0.29502064937630551,
        0,
        0.51061786514884533,
        -0.83808773763645839,
        -0.19203733963539071,
        0,
        0,
        0,
        0,
        1
      ],
      "name": "Sky Light 22"
    },
    {
      "children": [
        70
      ],
      "matrix": [
        1,
        0,
        0,
        0,
        0,
        2.2204460492503131e-16,
        1,
        0,
        0,
        -1,
        2.2204460492503131e-16,
        0,
        0,
        0,
        0,
        1
      ],
      "name": ""
    },
    {
      "name": ""
    },
    {
      "children": [
        72
      ],
      "matrix": [
        0.071882715338195347,
        0,
        -0.99741309157019187,
        0,
        0.79934038228350301,
        0.59811060562705853,
        0.057607783218038666,
        0,
        0.59656334825940427,
        -0.80141356579261447,
        0.042993814405045461,
        0,
        0,
        0,
        0,
        1
      ],
      "name": "Sky Light 23"
    },
    {
      "children": [
        73
      ],
      "matrix": [
        1,
        0,
        0,
        0,
        0,
        2.2204460492503131e-16,
        1,
        0,
        0,
        -1,
        2.2204460492503131e-16,
        0,
        0,
        0,
        0,
        1
      ],
      "name": ""
    },
    {
      "name": ""
    },
    {
      "children": [
        75
      ],
      "matrix": [
        0.64074410832416762,
        1.9679949003759134e-08,
        -0.76775451001467065,
        0,
        0.57655167762705795,
        0.66034953311283218,
        0.48117216995903839,
        0,
        0.50698634170290269,
        -0.75095838374550716,
        0.42311506143015443,
        0,
        0,
        0,
        0,
        1
      ],
      "name": "Sky Light 24"
    },
    {
      "children": [
        76
      ],
      "matrix": [
        1,
        0,
        0,
        0,
        0,
        2.2204460492503131e-16,
        1,
        0,
        0,
        -1,
        2.2204460492503131e-16,
        0,
        0,
        0,
        0,
        1
      ],
      "name": ""
    },
    {
      "name": ""
    },
    {
      "children": [
        78
      ],
      "matrix": [
        0.35201574487083365,
        -5.5511151231257827e-17,
        0.93599407870083895,
        0,
        -0.91574779228542535,
        0.20686633025232604,
        0.34440136807554217,
        0,
        -0.19362566019874944,
        -0.97836921528016996,
        0.072820205332468357,
        0,
        0,
        0,
        0,
        1
      ],
      "name": "Sky Light 25"
    },
    {
      "children": [
        79
      ],
      "matrix": [
        1,
        0,
        0,
        0,
        0,
        2.2204460492503131e-16,
        1,
        0,
        0,
        -1,
        2.2204460492503131e-16,
        0,
        0,
        0,
        0,
        1
      ],
      "name": ""
    },
    {
      "name": ""
    },
    {
      "children": [
        81
      ],
      "matrix": [
        -0.58389814019164388,
        1.5550148041618398e-07,
        0.81182685510608055,
        0,
        -0.75249585600655311,
        0.37526722039459592,
        -0.54122499941362534,
        0,
        -0.30465210967731465,
        -0.92691667009353629,
        -0.21911772810950714,
        0,
        0,
        0,
        0,
        1
      ],
      "name": "Sky Light 26"
    },
    {
      "children": [
        82
      ],
      "matrix": [
        1,
        0,
        0,
        0,
        0,
        2.2204460492503131e-16,
        1,
        0,
        0,
        -1,
        2.2204460492503131e-16,
        0,
        0,
        0,
        0,
        1
      ],
      "name": ""
    },
    {
      "name": ""
    },
    {
      "children": [
        84
      ],
      "matrix": [
        0.23752498759270058,
        1.1102230246251565e-16,
        0.97138142882653833,
        0,
        0.91687073221437354,
        0.33027889862824233,
        -0.22419587489583231,
        0,
        -0.32082680758352539,
        0.94388338057043364,
        0.078449495974758365,
        0,
        0,
        0,
        0,
        1
      ],
      "name": "Sky Light 27"
    },
    {
      "children": [
        85
      ],
      "matrix": [
        1,
        0,
        0,
        0,
        0,
        2.2204460492503131e-16,
        1,
        0,
        0,
        -1,
        2.2204460492503131e-16,
        0,
        0,
        0,
        0,
        1
      ],
      "name": ""
    },
    {
      "name": ""
    },
    {
      "children": [
        87
      ],
      "matrix": [
        0.72798327590697209,
        -1.1102230246251565e-16,
        0.68559488767037435,
        0,
        0.66840554099065175,
        0.22252099487560234,
        -0.70973116065400432,
        0,
        -0.15255926557927924,
        0.97492789525013224,
        0.16199157246306972,
        0,
        0,
        0,
        0,
        1
      ],
      "name": "Sky Light 28"
    },
    {
      "children": [
        88
      ],
      "matrix": [
        1,
        0,
        0,
        0,
        0,
        2.2204460492503131e-16,
        1,
        0,
        0,
        -1,
        2.2204460492503131e-16,
        0,
        0,
        0,
        0,
        1
      ],
      "name": ""
    },
    {
      "name": ""
    },
    {
      "children": [
        90
      ],
      "matrix": [
        -0.80476749175645956,
        1.1102230246251565e-16,
        -0.59359016519145369,
        0,
        -0.58742453383553861,
        0.14375682731231482,
        0.79640835784157327,
        0,
        0.085332638871716396,
        0.98961298263099373,
        -0.11569082133899816,
        0,
        0,
        0,
        0,
        1
      ],
      "name": "Sky Light 29"
    },
    {
      "children": [
        91
      ],
      "matrix": [
        1,
        0,
        0,
        0,
        0,
        2.2204460492503131e-16,
        1,
        0,
        0,
        -1,
        2.2204460492503131e-16,
        0,
        0,
        0,
        0,
        1
      ],
      "name": ""
    },
    {
      "name": ""
    },
    {
      "children": [
        93
      ],
      "matrix": [
        -0.9993530615340338,
        1.222980050563649e-16,
        -0.035964682711704221,
        0,
        0.0074398772458619386,
        0.9783692428260794,
        -0.20673237027251082,
        0,
        0.035186739393130217,
